"V1","V2","V3","V4","V5","V6","V7","V8","V9","V10","V11","V12","V13","V14","V15","V16","V17","V18","V19","V20","V21","V22","V23","V24","V25","V26","V27","V28","V29","V30","V31","V32","V33","V34","V35","V36","V37","V38","V39","V40"
20.055467210986,20.8127785244479,20.2027983055867,18.5314536939183,18.6618422572639,19.1499499949798,18.0919304436275,17.603111138936,18.7152234507204,19.8379360066679,17.8659146339241,19.762908912406,21.9528041568826,17.7846282123606,18.509594671018,19.2849047910091,19.0653397363373,20.1696399815829,19.6616577055131,18.414274849157,19.6931955695722,18.6323585413652,18.7032216011126,17.9965143264406,19.4892154175882,19.5769697363701,19.5761127824933,18.187238675115,19.5670497765687,18.4466625665497,19.3363398098744,18.7760664478725,19.9451267805048,17.2360905270184,18.442427638345,18.0665125676477,20.0923423324382,19.1423064173471,21.749635444029,19.8820127138085
0.641909940570958,-1.84655816242977,-0.680888684603303,-0.267538710215127,-0.832870287794098,-0.308463604926537,0.0209010716665097,-0.800342501593329,0.116233457152215,-2.34075406453855,2.052811092126,1.26874884636088,-0.764924769978411,1.286853555649,2.86586367587444,2.04416337589055,1.19898921244221,-0.644873051511987,2.56787083502976,1.16908073582593,1.64712340354698,1.91114196896204,2.35011368896508,-0.350903467004265,1.57819364026638,-0.0523678825856085,-0.353359318993006,-0.203761621785102,0.709015958051667,1.14221187453565,-0.535019179244995,0.885036834139066,-2.00470250678227,-0.095229615309475,0.102029993461266,-1.12519434601761,0.813702206133341,-1.52735536305558,-0.521504941917209,1.04436611733443
-0.284268781413639,-0.283900028909061,0.519658186043704,1.71083185963484,0.505924084363795,0.163139969198428,0.849379723392293,2.82774268192297,0.548967413210174,0.549772217186437,-0.472570906723817,1.15557949334592,-0.349376101264695,0.548506389607636,-0.0796462468426296,-1.11079962904268,-1.78555663045961,1.77655682859661,-1.5814281205903,-0.414863541475133,-0.220755718292176,-1.57738645814776,-1.18648426395944,-0.521462755580898,-0.628134170732488,0.789232165660602,2.14964847870634,-0.548330196138935,0.00747520513161491,-0.777007188442124,2.84565067883991,0.746558934643633,2.01247349155645,0.647470284373076,2.24648580985294,0.221085242160093,-0.782092413292493,2.37127956531312,0.811008751013556,0.010907049296541
-0.204903197409873,0.927892736588402,0.564398205576845,-0.397850135847591,1.20407486731971,-0.0607916593838775,-0.186474614866695,0.11090892184533,0.469397120169936,0.83655084629116,2.06069721308114,1.16664277531379,0.840244296858153,-0.466610935149411,-0.109393565321491,1.16125652506702,1.81211141985077,0.0164493160847073,0.441688594222274,-0.792592852438895,1.64079529957204,-0.081948147285721,1.32307307783763,1.80529761926462,1.57777154330817,-0.199962345392769,-3.24084882870932,-1.26841208692749,-1.37493790920815,0.626853700296225,-1.37691463105085,0.912930023659001,-0.820570926293041,0.648528524759465,-2.66913477351158,1.20312645582549,0.7198840632086,-0.657559751414007,-0.563378046559903,0.101207901651291
-0.553833372033874,-0.751499959420473,0.563241990459293,1.39988683274864,-2.29067692015022,0.831455579516975,1.86501434679917,-1.85005649491994,2.10324163519428,0.668537857379155,-0.165929376593475,1.19115494742048,1.17138268636114,3.16610762592593,2.57934949530769,2.54465954955865,-0.823189414282705,2.06928489164505,2.51983540161492,0.587009395565467,0.568003784609128,-0.332598841077037,-0.125646074799536,0.388441029869984,-0.0329167663500059,0.860252106108038,-0.6753708729604,2.07582651329572,2.68848906411202,1.37022146712182,0.953662977191225,-0.331062463388214,0.105323475521878,-1.33255493724408,1.69533259719076,0.350232832972594,-0.0772200556874463,2.396678898289,1.43937252556735,1.02570892029408
1.53992203603622,-0.418027587270588,-0.523041572225881,-0.50307923256879,1.39510280916613,-0.661121405358644,-0.365127563326821,1.23215173698343,-1.91440742551263,0.0746642604434556,-2.38233361956698,-2.29640127664189,-0.83259366875888,-2.13344212618935,-3.16592803358056,-2.61251575451296,-0.197498082662686,-0.966477907625973,-2.15151689620542,-0.479201787546853,-1.8322002339648,0.813210913557032,-0.973259341229875,-0.996162635197411,-1.37994897377499,0.17423020837566,3.10010362024675,-0.0901012008196537,-0.593506332335529,-1.65328150872168,-0.0511160578620848,-0.596683794074018,0.389660083573159,0.422879508511097,0.80265422658524,-0.996312675346167,0.289688620779404,-1.15513491275313,-0.396257285162798,-0.804130609155865
-1.6066794389371,0.252909367548602,-0.158371340643854,0.995122660701111,-1.14506742678748,0.493264814627223,0.358276326660844,-0.431607132728398,2.02027414152506,0.591075813029953,1.06961832806288,1.54207158762496,0.938706347189062,1.72841403814214,3.24685193688218,1.15071546857738,-1.10473242993807,1.59922028231788,0.336516934653338,-0.0330570673458062,0.928225179729215,-1.26559104710203,-0.422477266617405,-0.282714300860143,0.314586082142183,0.626298111199665,-1.327137665023,-0.19016805163022,-0.425208668302098,0.898916503440687,1.57633764783475,0.693394846518043,1.05621745676932,-0.723515690948419,0.161254809904311,0.875643678503643,-1.17746798814582,1.51233899833661,1.00168605794212,-0.135538275370905
-1.50618291195953,-0.342743138893641,-1.71764975309522,-0.608384811481155,-1.84921026697574,0.533914961867007,-1.76166987621365,-0.135970308584404,-0.394348724593156,-1.51780591687002,2.50847220444367,1.75713273785529,-0.252795269862806,1.20961537288991,3.30514609105982,-1.50311485352084,-2.25852849674422,-0.57148860473963,-0.756837376050256,2.33550130309222,-0.42208624030796,-0.823271117876298,0.308808409064651,-1.22864661126815,-0.132837351483349,-0.583943253199191,-0.277279937903908,0.381717498780498,-0.256945620322024,1.9871755688356,-0.0234231075699966,-0.0857282256891139,-0.41920657478196,-0.346354894380581,0.386535979017129,-0.969278874067721,-2.03805765837254,-1.80672770461692,-1.14856601242551,-1.26434543074344
-1.47973922487137,1.32991992694078,-0.0531811275512167,-0.323956761544171,0.213006732996415,-0.320548091165996,-1.26108375025799,0.180207566885815,0.370806016895505,-0.859722127675621,0.740198748121055,0.21586425502057,-0.269479654219934,-0.834901483500714,0.662819980759179,0.0250539815051611,-0.142072043269795,-0.62269812387822,-0.683316691664628,-0.463451045456766,0.685884491566329,-0.890700191122224,-0.0214694409803958,-0.413292408687916,0.253656116154354,-0.807519113799936,-0.972780036344033,-2.23705909139508,-2.12005477754657,-0.829043319618954,0.571407526262297,0.887605224156704,0.750128163366019,-0.0223342394119985,-1.59051517952337,0.57260320543269,-1.11431703590294,0.107522208277428,0.18812158374015,-0.6622982098909
-0.169226818905854,-0.302423019030623,-0.468497852812959,-1.22065722435502,-0.480088247973988,-0.0679413937336987,0.608440589934529,-0.487414076647919,-0.0167814062875837,1.33169629277599,1.40429211580854,-0.710728884314093,-0.722954041994081,-0.522236607848619,-0.238949060942324,0.27827964101188,0.427303955158627,0.226878415325081,0.74679386494907,-1.36905101680481,0.769700347834691,-1.07710176141765,0.384400318238801,0.588663826983759,1.60759934421898,-1.26412703292303,-3.60872008390447,0.727487808383025,-0.644529765010481,0.908773630612784,-2.22174787686401,-0.464102690531552,-1.90589842252994,1.13292130993587,-1.50000750539886,0.899156151841376,0.573996438005411,-0.336872978744043,-1.96843521066503,-0.489313513438395
0.219239381789951,-1.32895300510482,-0.141534879419239,0.6734903750295,-1.12209597911986,0.19593897577765,1.00637196449928,-0.30090249678258,0.583769531090882,-0.201679750359079,-0.396969535312139,0.365487733042505,0.354515938809503,1.87210108986967,1.27882377274262,0.39395177957456,-0.608069750018439,0.785176354779406,0.850929143975143,0.561006766028294,-0.160575250163168,0.108104956201057,-0.199733802302574,0.0700413877690001,-0.415225368727157,0.649834063040811,1.3480670298143,1.60082209843651,2.02895982974073,0.73679957415361,0.475388460845979,-0.0920181280812754,-0.298439999818747,-0.702363268926894,2.39536494334419,-0.177828605443009,-0.03568670897991,0.648433034876541,0.292939868141174,0.263661521004402
0.929073046978703,-0.465669385357993,-0.0959597229892062,-0.830823756445843,1.49212277026633,-0.547135530770216,-0.774825952086577,0.303397213003608,-1.05149870052991,-0.892479180040024,0.126587902109905,-0.444073449405061,0.20334640536014,-0.717611451524052,-0.916040373659759,-0.599125562660678,2.20962355750125,-1.8093955081631,-0.417392324973365,0.0818919876396022,-0.13702339415232,1.40682603326959,0.516304278641978,1.20687887289408,0.110757256117461,0.199281927372948,0.923403002187444,0.0752557484251245,0.30589948468505,0.0508255542683916,-1.65200048567406,0.135418403112421,-1.17641135721384,0.0621432375906861,0.113385222496161,0.0252702860968973,1.10044591868049,-2.26641970730703,-0.965563067870725,0.355654089849532
-1.66407157905362,1.43254562496356,0.677411820139989,-0.841694750019275,-0.720668943904079,0.215174872440287,-1.63738335118666,0.279547698944828,-1.10714933446425,-1.91050841274845,0.538716855652911,0.298930924508159,-1.19071063340656,-0.455242947604541,-1.28299842387506,-1.13973250023996,-0.867494556154472,-1.75715921603531,-0.479496295077615,1.02989548313185,-0.756842361311866,-1.65326760504663,-0.321007790943407,0.414115013727985,-0.540903034369047,-2.21186683611945,-0.17719685107525,-0.290021576153117,0.708008831999358,-0.412554917884893,-0.702378192482599,-0.739703116865151,-0.0961636312165275,0.358815763166884,-0.113037254913506,-0.0125558271888423,-1.10401305648755,0.265562753558207,-0.962136495927462,-0.0984572055423009
0.101778510121814,1.01422528599665,0.890367454458347,-1.19373559569755,0.523798072152183,-0.705085596447766,-1.08000836737412,-0.199944774018652,-1.19349323484928,-2.15406585937526,-0.37679476865228,-0.789588593484835,-0.034455922413963,-0.756926457958485,-2.64537322947386,-0.172297859382298,1.34715389799233,-2.26550989218296,0.491928556616882,0.308835995571075,0.116295161250981,0.529838615449662,1.15099998296548,1.72307039764563,-0.423806019308509,-1.63552242055646,0.96682323194438,-0.988120184016695,0.731579682906464,-1.12774966984791,-1.89234091373111,0.561071420914636,-1.29804154032082,-0.244926595936116,-0.371154397448325,0.269188997083585,0.109030334951017,-1.01652747101851,-0.625490836999638,-0.627258970577517
0.125615709051312,0.354841715750689,0.0704392389242959,0.730853724132693,0.0446786663391256,0.309338146267695,0.199982007543529,-0.00297209806100016,0.91454769401629,0.434148983008327,0.808895909521618,1.48555496419597,1.75444813630219,1.23179888711167,1.30015288499543,0.63125562007016,-0.233426710335404,1.04282404952343,0.275377046525305,0.77253227198235,0.76068064342625,0.50630472891002,0.939786687026908,0.59188157268707,-0.0196988928628468,1.0231346940713,0.212017890260239,-0.396953972628094,-0.102605481040991,0.812377908173952,0.665221197023331,1.20383138943744,0.439840973051849,-0.653663538658857,-0.0599377391228471,0.250704673683224,-0.433117685279915,-0.0894353703378528,0.995909334933635,-0.640331254112108
-0.0055430891900588,-1.2947567931464,0.216960579511481,-0.0926070485939517,0.431359498154951,-1.16926960385362,0.061092986158512,0.616551743325818,-0.0305992974020443,-1.7152388231641,0.61475891299241,0.839008308082742,-0.167265990859723,0.406109100387259,-0.355249391568271,0.819547405603175,1.15979462597758,-0.535949539258089,0.596800839024406,-0.859274562012726,1.27074014045714,0.152659523563221,1.19361251919955,1.30117761791897,0.388651403926843,-0.335734820476928,-0.121842951939074,-1.7440489346076,-0.0168078885379758,-0.623854897233664,-0.746867548553267,1.42796955927245,-1.6207077822822,-0.362637915800388,0.0267458571448351,0.118433857965219,0.215297850369381,-0.593903334364581,-0.664668099752695,-0.18868649114281
1.45265358708559,-1.12363930153387,-1.00076266317006,-0.383219571246454,0.456507400929268,-0.70905239984155,1.0117529170383,0.556356563723782,-0.318564862558225,1.70086834035307,1.32857468231988,0.363181581690553,-0.0246349030641091,-0.96336883537166,-1.04395896316554,0.295399662666587,-0.427184476133417,1.68384045642579,0.223530701192795,-1.38960889607743,1.40559411726073,0.421447570445391,2.06412950175034,-0.344728045282166,1.32496795322806,0.0413955567688076,-2.75156481655445,-1.87630918742852,-2.76771901206242,0.171884449128169,-0.983089200604936,1.19518041722589,-1.64057647731005,0.916707751869967,-2.91622613780409,-0.670259358258089,0.33137815813471,-1.25446168427976,-0.961485073828234,-1.89455606206581
0.784026156365522,1.14450692590573,0.80913849443406,1.13432328297489,0.518127095495761,1.01484611996649,-0.0319996116976342,2.36401981388765,-0.379169918685005,-0.232036487447024,1.95247372810257,2.66946363847222,-0.410064902466361,0.194642245777385,0.0408316383773723,-0.137012949824477,-1.46426462256391,1.21577933503161,0.180890656998747,2.19936569113778,0.71788607384154,0.347104413764403,1.87772798087699,-0.704555625649576,0.714265307285294,0.0557653340968199,1.0444055881228,-1.13131140946041,-0.270677960134086,0.407402883492844,2.10520292974598,1.12242453876072,1.40391192471573,1.69655486400493,-0.261119471889865,-1.10361152977774,-0.228609104848081,0.842399034886885,0.847441293946449,0.325779239081987
2.14819306224166,2.92511121705274,2.11551755188258,0.704608707694527,1.10270736057747,1.48064306502452,0.958655437306345,1.28314242204254,-0.135945217834661,0.821330146228025,0.168968798194179,0.173133581099499,0.596118906466426,-0.117983400869431,-1.89888479099094,0.657191732941908,0.345982715686935,0.783978861324633,1.7097322530627,2.11361419322697,0.656604509380098,1.58359517121248,2.0388167950168,0.708803422012553,0.757903593752658,-0.194515080155134,2.48715796948051,0.853490410467298,1.57353632882384,0.00746527218954579,1.10046646533436,0.90623468462116,1.57130100072045,1.90857459484094,0.583210940666327,0.351049269430854,1.22214011287124,1.7548113408653,1.68518179762673,0.682447811413177
-0.733874976629626,-1.24538820439525,-0.508201254328232,-0.313657717701269,-0.858784232291948,-0.213138620922124,0.556079572437046,-0.845533849308141,0.243220227080428,0.771762286822925,-0.48303591147071,-0.807817692265611,-0.623240827812739,0.156474869635699,0.281501697158901,0.00147739048284725,-0.0946919485214965,0.179526417551431,-0.0903563833583898,-1.36016012502248,-0.512666435896348,-1.20533494301794,-1.44801882599979,-0.0674853097777362,0.0190082352756163,-0.1923479064906,-1.7713136744516,1.21391589206177,0.366979103668215,0.294717297132408,-0.874235478723245,-1.31750309478665,-0.826358759910839,-0.246884953165818,0.25743428686045,0.340366436092196,0.146059346511383,0.350952275393457,-0.989489383842548,0.366249312682005
-0.65127457008271,-1.44401347250049,-1.28589220736685,-1.25274079500496,-0.483395525760698,-0.758275690757562,-0.975710746843198,-2.34132955894591,-0.392530588771445,-0.724845428218583,-0.899293174589095,-1.61382712865593,-0.158096042718467,-0.400819376745467,0.8721480946377,-0.10196504509308,1.40846832187329,-1.93455887125362,-0.339379013486405,-0.806286603468224,-0.996088282874557,0.511254163739127,-1.32281070073391,-0.167732648364605,-0.513124841174911,0.122007478868588,-1.10137296002738,0.896976683778056,0.00744876624760363,0.230081503944023,-1.9918046542702,-1.54248369952183,-1.45722107143128,-1.49096997422784,-0.404687017758828,-0.233041994800417,0.295516982002203,-2.20542994223461,-1.08664669078108,0.412136901241288
0.354516970203095,-0.669414159458904,0.138611837221827,-0.0301156039828488,-1.25057828980497,0.0797232220338594,0.419302184470942,-0.229217777829368,-0.30412801775132,-1.18812498531833,0.000132562660044307,0.338807565589679,0.07820603771412,1.47217275888372,-0.121247775871092,0.0524729757911322,-0.745275917929409,-0.0539186883587762,1.19622733315151,1.23410813981938,-0.0870857927673621,0.208889243130089,0.865637051627463,0.555370282999945,-0.458319979624947,-0.539270249466726,1.46958768501117,1.06601485523303,2.20225447512476,0.49001102862613,-0.484774100630382,0.167762492260282,-1.06988302090628,-0.431524426355635,1.81896476479002,-0.465090122539364,-0.271411598643378,0.059552715888807,-0.253113744931995,-0.469506160757195
-2.86501266034746,-1.04665089431585,-0.165730623392168,-1.39575310105539,-2.64259274587328,-0.397491767717319,-1.50465128087631,-1.65104956092103,-1.24048485643551,-2.20936587589632,0.170097349605649,0.542791605346137,-0.810729513916945,1.10763534614161,-1.06138942894397,-1.23331424170339,-1.32068646730753,-2.06366434672219,-0.412682799111674,0.377281039571266,-1.72750753723259,-2.89126648561934,-1.39864787894575,1.55840194041955,-1.60750762903438,-2.38074747779322,-2.22902700653174,1.21296264051632,2.41535300404322,0.639278173901816,-3.04571358256405,-2.29865992266029,-2.56336042915433,-1.55555876704559,0.47360480514967,-0.292129536985703,-1.61884156556979,-0.735687077841728,-2.57235405845057,-0.497101514507342
0.791130753958957,1.19475745816486,-0.592881235375168,-0.206585399287202,2.18317021186448,-0.0978002049113445,0.745175759611317,0.387656480500136,1.48860979435381,2.55647747772442,-0.709265388501782,-3.11861136173587,-0.281888221038312,-2.31128365621807,1.51798288030211,0.498500536610012,2.21437815358745,0.475034196676576,-0.5862719714714,-2.71221259532169,1.08722292754044,0.775126717550994,-1.1738622603161,-1.5241442621695,1.862351957395,1.02126394203651,-0.212267371426174,-0.272828534367218,-3.24599571109977,-0.948604955834924,1.29207345159947,0.791699842583646,1.93232001564729,1.48801823269766,-0.844160888380128,2.08631653203136,1.37756213250874,0.657961844920001,0.825657649213338,0.494877569321914
-1.27516362769258,-2.62759520973459,-2.82128923550755,-0.857127227355815,-2.67471837045392,-0.772208744522294,-0.754060818355021,-1.69978532990797,0.428295299871183,-1.89173210061972,1.19131343683137,0.200866135682451,-0.173133005954395,1.78709506984772,4.3429625449255,-0.278554766953972,-1.60197346376597,-0.364265119477767,0.217892840798895,0.438683912625891,0.187094120810739,-0.218884026103756,0.144671085661329,-1.59248573027135,-0.216284527647445,-0.12269012440937,-0.417556261266549,0.143998409419732,-0.523937979215495,1.37939547248655,-0.585782545652217,0.410452571138559,-1.91373053118995,-1.83921125379199,0.909150280544956,-0.904929889821964,-1.88193266688388,-2.23968342023804,-1.23469305520748,-1.94643944798428
-1.13013121922599,-1.1443851421259,-0.20268599148843,-0.320130281988761,0.0969730738461048,-0.100620270789666,-0.747915754876272,0.300262574741794,-0.675144176433746,-0.578982298989754,0.0664679137545124,0.0814764289700594,-1.42611517262375,-0.359329682074534,0.213713833347345,-0.965918570652855,0.574132789061572,-1.2850072604392,-1.20973648077139,-0.505234151465222,-1.16830902726976,-1.18543999722831,-1.93796500462469,0.0447423352393022,-0.140308159770863,-0.216472687286884,-0.855022190378977,1.01919558460369,0.710197777789806,0.248544829137334,-0.66388372606777,-1.81701256352154,-0.379410469344661,0.237395805054285,0.711116234449321,-0.0972554742879466,0.364765442362959,-0.367108181191674,-1.46182611370633,1.73284474389993
1.79237374049984,-2.12532744242615,0.415874147378903,-0.211015139588001,-0.463618649771766,-1.11917315990487,1.62513369586113,-0.958567085077649,-0.141362070337568,-1.16733743732353,0.00740473768949937,0.203578008679076,0.211185018857278,1.09435639928251,-1.37729556071864,2.44433990668068,1.47904828760237,0.23759113096232,3.11061572948699,-0.534134808143757,1.69035908951188,1.77844280673063,2.81942169478469,1.64170610607186,0.721767065523042,-0.323162408497832,-0.460095159991022,-0.566224289756195,1.49393807597007,-0.189437810092237,-1.93581828023597,1.2016417543492,-3.20451284637584,-0.611761957215721,-0.192310559186387,-0.652637211360652,1.37528340343514,-0.659936425749379,-0.438615220845765,-0.196292778256701
1.40970738849341,0.642919880538033,0.202693515436302,0.291603002945638,0.995136020121635,0.212047854179191,1.37557235647761,-0.622917290728827,0.6262145640429,2.91964333513321,-2.20238114621222,-2.17824596811166,1.44635607734978,-0.67994905852851,-1.3316406085342,0.0445997711371872,0.748062153671921,1.13159639541749,-0.278732152337575,-1.26958361124849,-0.514274462726644,0.837032936968045,-0.945853268204362,0.19342341814571,-0.391484390326358,1.33307739417729,0.638502456528718,1.28760918736525,-0.187286083541405,-0.3893484778016,0.0807134362932587,-0.351248514359533,0.994176146821835,-0.13750690995082,0.0821877627025224,0.966396746652907,0.995732109995376,0.655970051917193,1.1293940975461,-0.284573776061325
1.67297434285924,-0.608878773352811,-0.213171650815074,0.32691072973573,-0.613512463160181,0.0553234481754899,1.52855953502833,-1.45771554665857,0.371744631608599,0.822885582374846,-1.38170521252007,-1.51229656761955,-0.55790359054132,-0.296888048922089,0.0873096507767476,1.80608878456644,0.0332203472605736,1.10305591153994,2.01527985489161,-0.299749675070243,0.350203298822089,1.81624665970881,0.665163517583869,-1.80093013000863,0.521183576579844,0.520522036118667,0.122146637119306,0.423397564015735,-0.096022394589614,-0.51438422160764,0.752473781491733,-0.326268882055316,0.104291434002141,0.0631265888001193,-0.545603647263924,-1.06655044441879,1.08862892198225,0.768333041826857,1.23582918058956,0.644234768285523
-1.16549797247647,0.646351657811415,-1.12883864982019,0.13241523165722,-0.986169622213391,0.941299204120638,-0.23826998659097,-2.61462804190825,1.73024431229851,2.39991205045847,-0.698820416586252,-0.602175873882796,3.05316060748617,1.53408113318245,3.2247010151424,-0.322593264537452,-0.355613256368643,0.670378723761301,-0.977083846138682,0.373995806102946,-1.19570439619063,-0.212249558434442,-2.16175534157311,0.136344036854929,-1.16391819663609,1.92553852932033,-0.586093755873573,2.72178334017397,0.323389291221666,2.04235375202196,-0.107752116248264,-1.09165310379451,1.19203802925236,-2.18740802684243,0.623399085594351,1.33140903782754,-0.937299161341789,-0.574413221695361,1.0087646639791,-0.733996848766262
-0.116011463524918,-1.93008585162536,-0.591461308172278,1.55503688644382,0.323295434613983,-0.623432511420454,0.849332963685753,1.11122082804101,1.24452372929524,-0.0838181838283097,-0.76801051403913,0.622541853200572,-0.0827701674142611,0.837942556045668,2.16191437460101,0.350599958093701,-0.385122299294714,1.36316334264136,-0.806639438782693,-1.17120554578043,0.377416533682839,-0.0582497017895683,-1.07237338428428,-1.22271324729365,-0.307348252596911,1.84651375586877,1.60813119585872,-0.98490467604687,-0.74362868118788,-0.698814926215494,2.6148895347694,0.974535014989411,1.19797101958718,-0.678695760824346,1.73553523181981,-0.182814238534547,-0.288778547237728,0.992936029198835,1.09843607886605,0.480360113161549
-1.53490522650805,-0.610899248770752,-0.154875046900051,0.765733469665035,-1.28747510509213,0.356181888938281,0.278431007567675,0.864970880273536,1.48940040786915,-0.683588871959409,2.56086591741176,2.75871168423995,0.607313841906549,2.69550045225253,3.39798224434989,0.54163014256409,-1.1433022879469,1.19358261804389,0.548270696130253,0.707374828606226,1.37626996136034,-1.62377445386632,0.561805381391493,0.82480640847557,0.690100470422003,0.0116343168448719,-0.626134089587204,0.100927447445132,0.798917360936806,1.66517160128732,0.796220935653424,1.41162449854229,-0.302459497507616,-0.220087781278503,1.61902231969288,0.909814040429853,-1.25414882589197,0.860898846260854,-0.312064364323003,-0.453714594517122
-0.63040038762036,-0.793571570929926,-0.684437683802854,-0.841495146839094,1.22575562997209,-1.70013656434537,-1.27335923416027,-0.200970268750028,0.0273329715381699,-1.72294037930777,0.0011985505236594,-0.428705483377921,0.537362436406436,-0.707907310787416,0.278346361147932,0.0698383033321947,2.10166312454146,-1.79462736805411,-0.921058579705718,-1.61952295771689,0.821987684108369,0.49759836702087,0.188544433344914,0.999505400758247,-0.119312814793393,0.115643728915828,-0.165410360226632,-2.49812449422002,-1.83281126990003,-1.06463092498124,-1.17001273550999,1.44962339730709,-1.18820262240587,-1.27832103582466,-0.966267584990222,0.659814835921256,-0.215492964052534,-2.19830311949033,-0.633544090777743,-0.894281245794464
-1.27267297437657,0.210589829682021,0.251349176427734,-0.688484372846836,-0.129782621375732,-0.712884071827038,-1.09484845663401,-0.712796002373377,-0.399979470155247,-1.46851108584036,-0.96841098881513,-0.743076259727933,-0.137248353520313,-0.391297468015394,-1.06719398538854,-0.385824430210742,0.550396290289993,-1.70195737174989,-0.604315862886582,-0.605607579364046,-0.614292195297689,-0.762275958022695,-0.927966630734686,0.827705943638786,-1.00196312727258,-0.902313933844789,0.00966382922676341,-0.614649499458701,0.266985346468972,-1.01510511810335,-1.00609577471462,-0.421084730406415,-0.478481550792986,-1.04707123948452,-0.0499031514106836,0.402693265493241,-0.574550710912918,-0.331874463567663,-0.452219523020102,-0.187104230916622
1.12911077628174,2.13244658155607,1.68673536158574,0.732130668004733,-0.0514580467360335,1.64757578781475,1.65271485815807,-2.33627012964887,0.97840773414531,2.95055593214214,-1.48544320403327,-1.35434774282209,0.140699989968858,-0.699858825925475,-0.745348507862285,2.82285767412709,1.09025274881168,1.30608357629628,2.50787421594759,0.120392168257373,-0.131492347189731,1.29038376287035,-0.365657334051504,-0.691880280577617,0.939363558153844,0.568949906227185,-1.95046163312887,2.14893298360922,0.973493396237198,0.120395496361597,0.705570331850148,-2.10181166011704,1.79192162776608,0.814599306470072,-1.82306352633904,0.159991025913381,2.18083990812962,2.67740400710151,2.24437184031833,2.96645323497767
0.779152191821875,0.908498222142353,0.677705861111631,-0.848020328051576,0.901980042207466,-0.352380544911035,-1.09647146562174,0.178729832058631,-0.809307313450695,-2.75548524399027,0.347692216455728,-0.394607707316909,0.0562796631565007,-0.187628041939654,-0.573683363174829,0.268201870251869,2.06951124533928,-2.39247677382788,1.0792853451409,1.36422618592411,0.671542993642296,1.8832166720811,1.79004276100608,1.21568982057784,0.245267975615636,-0.846969559966176,2.5905570290069,-0.531245149881301,1.0953986073328,-0.494044341920847,-0.949100435851048,1.2668127063781,-0.801203587787762,0.0588753588752332,0.75949878900327,0.16963952857836,0.619691203977555,-1.40975771902782,-0.071982217269676,0.174712589091228
0.189504741582906,0.502852882921805,0.633715708176599,1.41054796683094,1.22297617396682,0.954405607253304,0.948766366491035,1.43957019097198,1.25154396920942,1.96734083589974,1.21661401817008,1.37812999587309,-0.295969600683746,-0.124696041287936,1.74143026170706,1.05554046622147,0.540957271685711,1.75902163795451,-0.0183870570902936,-0.412303447823417,0.937855584575802,-0.181116076833487,-0.38049807453646,-0.653857467493312,1.6297281916791,1.32670263814138,-1.21235896797292,0.0457113334082726,-0.921083985031302,0.590084850073356,2.1670911765549,0.118237203584277,1.95447257477211,1.63317886721162,-0.445298901906177,0.585192021124527,1.08051126265267,1.78711722054453,0.966436132180125,2.17738613940138
-0.119252838626179,0.694285937272925,0.139741256528088,-0.48313799852838,-0.534828585812471,0.336893818612097,-1.32520897302077,-1.62517032610037,-0.907406958128235,-1.58051754347546,-1.14229285292625,-0.742047786334386,-0.104447411051797,-0.199682166437706,-0.242091040598666,-0.193196890490675,0.279517877935907,-1.89962926639215,0.251175934537119,1.76278309861277,-1.41909531171908,1.19048876963106,-0.39891890013722,-0.502488736377843,-1.15393750831084,-0.256591347038552,1.50573320961691,0.911998466663682,1.3644273780168,-0.148406919098403,-0.340606113090209,-1.3753499000894,0.322182599297562,-0.95147292472524,0.25809700497508,-1.04454936360505,-0.0316953218738175,-0.87711415583176,0.535784219607879,0.892742808538835
2.23307520613539,0.400544415334132,0.20946026243644,-0.689024106906012,2.36445719387195,-1.03236114311424,0.356915636690651,0.882485147968102,-0.645794069060591,0.559136981812191,-0.431383023871042,-1.26171121580797,1.0982757115002,-1.56258450526667,-2.83582984618999,-0.108888178169932,2.06707389105333,-0.340495699223469,-0.0793839430636778,-1.18663228883376,1.08537357166777,1.8980990956937,1.92966483001343,1.44805881309687,0.459701426672115,0.227371677175246,0.942620396170574,-1.72369561828556,-1.50685124864906,-1.11179344536687,-1.38101615424952,1.96724853521167,-1.01213526047702,0.465467456151467,-1.2975524777787,0.587399333338846,1.14185850894333,-1.66705472996489,-0.136827156255701,-1.60314344487241
-0.429814056793215,-0.548140608298048,-1.48825120456783,-0.430362711994682,-1.80549419396133,0.607718499389037,-0.260278968274845,-0.212037605570532,-0.184821735549472,-0.17605516738689,0.82083190756072,-0.214872422674637,-0.808067221847873,0.742455390516275,2.25076880298408,-1.26906966360418,-2.15096838864609,0.227661882539025,-0.183409337011425,1.28475065406833,-0.699576616272888,-0.605881499011037,-0.386947574851206,-1.80588033833463,-0.00773659842979785,-0.45132038505479,0.525504064546315,1.63678078790486,0.297120230093976,1.30900779930467,0.337342314665276,-0.621444437719738,-0.0664238494962071,0.254790017203648,1.35888602513977,-0.65637920820479,-1.10971708931938,-0.414917571285731,-0.774750756991238,-0.883721868434787
-0.551628006182829,-2.56245757913464,-0.347241698699954,-0.671917216403419,-1.10060160504343,-1.36955375743023,-0.11805541695935,-0.299405302659703,-1.14413946006119,-1.9325418487746,-0.439335700146383,0.367767328830788,-0.542613725745581,0.792538459529796,-1.80582909147482,-0.573735616512908,-0.372164597257438,-0.956094597261477,-0.0607160211816671,-0.705928085458151,-0.525109960192685,-0.954778869237913,0.0760371635695801,1.38486297836934,-1.13442394031063,-1.01609251367753,-0.426733389295927,-0.361010818998582,1.40156134644727,-0.371389825446815,-2.21344130969612,-0.367021361571274,-2.89709270935527,-1.28644448584718,0.740058883751676,-0.80333855746156,-0.532262661597165,-1.15248583899287,-1.90789713412137,-0.936295985666538
0.55778209812715,0.475297045504931,0.240647098684756,0.778769246677814,-0.0219288320898818,0.116814194622069,1.36502591408925,0.693750839813458,1.1651663486309,1.03498464223822,0.753848190808279,0.383537929476216,-0.368513152067393,-0.103036399431589,0.695274401628017,1.58426039827872,-0.671821699333078,2.09014307311798,1.27085252657344,-0.752867075985572,1.83860052905894,0.0086247583269763,1.31211692602553,-1.05335462913118,1.44525964601153,0.00093890341394709,-0.95914946834474,-1.5181820940434,-1.66485484191989,-0.469018060222251,1.69677210294948,1.53545204418892,0.755327597162903,1.0751473557676,-1.13744564715228,0.202311074934809,0.0700713474682803,1.80254612531644,1.04307164743383,-0.34212847090288
-1.17346685330911,0.202855618256209,-0.962997052768511,-0.742741852819983,-1.69859313203229,0.644113966695755,-0.737773071468895,-1.26053941215005,-0.455353188644167,0.333848020950734,0.605751904543747,-0.364418107466488,-1.44194088810671,-0.563908501578382,1.00686329910645,-0.541821795025268,-1.69314747910481,-0.185417054667486,-0.167598105754587,0.524918822006454,-0.967539544610466,-1.12896278969497,-0.916770197667898,-1.93320268567393,0.186463380932436,-1.04771580907622,-2.3635533463199,0.89611100340453,-0.651400034433018,0.765447138977257,-0.283434579801035,-1.93937847639123,0.0387133910233008,0.381719706396981,-1.32572122001088,-0.885452258542454,-0.759887334692406,-0.0907322241232647,-0.824982927233286,0.144206316726551
-1.5031380720298,-0.202898064169567,-0.968337991070375,0.441078929498816,-1.06304714840075,0.229294463713521,-0.265980579058907,-0.0995047846205313,0.710953437759048,0.722551265489394,-0.0452710734994942,0.30073112980568,-0.0884009519511336,0.367030672676883,1.83460046442754,-0.84010513121497,-2.07809071086507,0.968651588471812,-1.38635534529291,-0.300701378246081,-0.665390802426362,-1.63735743389634,-1.64857611694249,-1.51376700086219,-0.624264332827982,0.359554376672755,-0.673272900823728,-0.0187391738095636,-1.11140955133388,0.257789801466221,1.3701511521741,-0.494991398032172,1.19967600139431,-0.526050976702269,0.158283156060776,-0.0476939627681557,-1.55262103386958,0.711545418048457,0.231435191923602,-0.679400819661921
-1.77847476405919,-1.19133950056099,-0.428011119050848,-0.243923881883242,-0.897366651003638,-0.437832237807246,0.16131755068993,0.750439037282632,0.342715368395561,-0.149880360712605,0.453639129152884,0.095411830408546,-0.926351570196085,0.644108756527024,0.606261852688997,-0.94532110687,-0.84300198411614,0.0972227879841679,-0.938711242754208,-1.46364589345737,-0.151902248100842,-2.7498567793677,-1.57943478293969,0.50029236871936,-0.0216405829740304,-0.881506533083223,-1.1907250493662,0.476324722363162,0.305879062907397,0.166812823920122,-0.488700847897702,-0.347837791293797,-0.80324333661249,0.0679594265988733,1.38411123009298,1.05061087151897,-0.882171710528475,0.811750423817228,-1.65786544214229,-0.437651047153024
-1.19239508961141,-0.633916221024936,0.108245582351341,0.080371915327466,0.240942460257037,-0.642291566824914,-0.591265900130878,0.0174345050551488,-0.150144126152532,-0.491310015841645,-0.41265485285428,0.41593386202479,-0.490238497684579,-0.482968501328686,-0.597454043107973,-0.112336688542131,0.220867515118959,-0.525227760348362,-1.05059057041118,-1.16033316431188,-0.397547548652906,-1.06721994954656,-1.14551716715582,0.233728199194922,-0.532062021653267,-0.0703746946096332,-1.28836943604708,-1.15573587836873,-0.635250751367297,-0.789616072017542,-0.145968078594983,-0.595679925433775,-0.0896481397778122,-0.578253988761389,-0.803919433895907,-0.101784146763077,-0.284946699200103,0.0483378568555208,-0.37857285493763,0.55233761296842
0.826742031044222,-0.479697084923066,0.269823033470499,0.683681352359086,-0.428716277765593,0.213177284069198,0.93332664377878,0.586819083220832,0.430349883360401,-0.469278902860249,0.125929509980145,0.660881810118072,0.619283809921157,1.61181505169764,0.664209723573066,0.365558970798732,-0.416938009420421,0.803454455901077,1.03978869411962,0.994404304479843,0.51669047146083,0.618219729097732,0.979146090124823,0.445220100002415,-0.0698510689228543,0.42410503100919,2.19616589889671,0.732826956720596,1.65051727964432,0.464025205323207,0.696685349950937,1.05962971048033,-0.118634606439749,-0.134849557169073,2.17920178230538,-0.00455313047189737,0.00123454591699504,0.573180160407649,0.561565678563842,-0.295280176949421
0.159382386626958,1.33684829305704,0.154210197828794,-0.233478621854755,1.23686856309264,0.539616174544186,-0.765705787571617,-0.103332870676149,0.281731512774433,0.552248418855989,0.985511530285889,0.283765878976384,1.17524306350896,-0.283598588493107,0.987281668695179,0.0775465751872139,1.6041319886771,-0.661244131907367,-0.277412107109314,0.652828913237445,0.31459292902934,0.930195530277766,0.293851077211457,0.779141083289173,0.617750095513739,0.67256506432023,-0.202070463273218,0.338703613784554,-0.419171290012822,0.900630367734614,-0.36299010558875,0.281194922667955,0.570495569213948,0.240874091577383,-0.699081136668609,0.86157876407489,0.590430239581246,-1.07109487068138,0.263703112649173,0.509991833380537
1.13602238528175,1.38017240279688,0.292825506436755,-0.823381889046907,2.10560077478611,0.532610168821695,-1.3424626812299,1.48014592138604,-1.80411953288105,-0.103715784582963,1.70256791624749,0.238351430212048,-1.61011852732871,-2.6346267341237,-1.32667034463814,-0.818132344172403,1.41995364469684,-1.48320217609155,-0.599155978065522,0.988660489111684,0.00717932125829213,1.23399404716667,1.10403568413823,-0.636159490373109,1.53560700126715,-0.615849878009417,-0.700756753120007,-0.737047009965768,-1.5154764392619,0.0762833755608309,-0.490283332744073,-0.494462086028478,0.312057732729873,2.54623346886271,-2.34652492921227,-0.854560953387175,1.44293255266704,-1.59090456754948,-0.898557363010385,1.46851408644521
2.65058231188825,1.54488915151997,0.491749784953601,0.605359492930268,2.22838105185591,1.38187624351516,1.65296134551473,0.909842853671296,0.82023162458002,3.63227143050025,0.344331392609415,-1.02869030212856,0.778804964926935,-0.992339479328997,0.507137137823368,0.69481998763886,1.83975508468888,1.6117604688634,0.641381697952043,-0.00197789665647423,0.78553487804188,2.06234919021558,0.536493654368162,-0.36718945999879,2.01965192140014,1.75170821881278,0.450114604427545,1.86542872755491,-0.574141623708856,0.990696163388073,1.01887797595473,0.261994142523244,1.77515733496979,2.32463627324901,-0.214141497334606,1.09278075731249,2.48185396648041,0.660569487551676,1.1931399506953,1.43515633147419
0.3501899242913,-1.79510497061614,-0.817913375526828,-1.48203975751916,0.915602205856658,-1.62271084576995,-0.207858759331641,-0.210698420354562,-0.739391935704201,-0.750492432061555,0.214852429243465,-1.29631039381698,-0.79842889556161,-1.24528011612642,-1.0162129774128,0.0691481408297753,2.28907972687044,-1.52509275563289,-0.0586923197969314,-2.24921590249855,0.720918702607878,0.365994522851221,0.436795838340042,0.964776459962476,0.850199980455614,-0.640935242520421,-1.65597582155543,-1.06401752268221,-1.17725362273893,-0.595890850495151,-2.6338799190887,0.33833401957432,-2.70406151959599,0.0288294049010526,-1.16768815783809,0.347595455597507,1.00462001029495,-2.21671120155744,-2.10834537546982,-0.398189503342841
-2.351699775021,1.58834114513641,0.325783310535572,-0.267074997850921,-1.39069987395148,0.578725167395269,-0.388676896261471,-1.02685339041752,1.17262359294258,0.537846467246445,0.198130202384189,-0.0790198830587288,1.0383727119832,1.10176969375687,0.990599420538876,-0.228969924884996,-0.953684080905195,0.0701338406390225,-0.266609623000315,-0.115998754063077,-0.26569478423831,-2.41880301841033,-1.4014510843225,1.09189840558734,-0.540107165803384,-0.911986611308835,-1.33080945822112,1.09672970912037,0.711279029847418,0.667414442496806,-0.4135758988863,-0.407164732273249,0.492849565144854,-0.804344891341197,0.503995541632884,1.92158287833555,-1.50140532488071,1.36508495071411,-0.0620136493737459,-0.889564154958816
-0.0450496136207081,0.322807404771514,-0.255466141669336,-0.387634448085344,-0.115209142886486,0.407308475468819,-0.271058082063109,0.245534484403795,-0.199752185574907,0.0254283094268723,1.19151328098425,0.174083958436302,-0.689743711556729,-0.272801353026193,0.757615216652103,-0.153312034009934,-0.0608576629916266,-0.184346631715322,0.209938677816104,0.491099153427783,0.240120333290836,-0.094209412363941,0.356946626398105,-0.465322764878752,0.876744402142573,-0.492945196987443,-0.721511009907326,0.357998380384781,-0.297204291678125,0.658502116184915,-0.168996508350184,-0.168329050070724,-0.11370336155602,0.936349778066907,-0.372098431337647,-0.0364405626973478,0.143072607011338,-0.276346012949896,-0.59273861676373,0.262573902024795
1.34376650088591,0.352963160975995,-0.66257917848696,-0.487489284935108,1.25617135039996,0.204372520490678,-1.02864242475199,0.537813307137232,-1.74155604974972,0.642147294197935,-0.228162275433698,-0.378323496012921,-0.0575249580531552,-1.78939758705942,-1.60606845289538,-1.88076577432726,-0.172958587623116,-0.667648654954746,-1.67587995797402,0.969759737709135,-1.33046191845484,1.34571589576487,0.162038439495679,-0.975573298467143,-0.520123679691511,0.546230995316571,0.799488624186054,-0.134941013755453,-1.21548061947861,0.0486873987302084,-0.343246780117061,-0.76933655904784,0.417624300496308,0.606791484815009,-1.3018417687866,-1.4539015619784,0.324004345305018,-2.15559431125002,-0.281025539158329,-0.359414079703349
0.151631059241598,-0.703950442622118,-0.586668811695791,-0.325507443599884,0.131317918783771,-0.317741919879629,-0.0859370653251403,0.296505462375836,-0.170869674292822,-0.181104940872848,1.68521509480007,0.785407648597764,-0.987722081047193,-0.596967888319302,0.724506557444841,0.653685353374016,0.233853396050049,0.181487852972875,0.460945673875255,-0.419290301460024,1.11097951336248,0.19396669910427,1.1835939819991,-0.666773345195328,1.40287215361104,-0.33831479154617,-2.13007608196178,-1.35035864794798,-1.6540817693829,0.266454498012015,-0.304268060914031,0.473694389352546,-0.910192808005157,0.839320781846973,-1.87427913222223,-0.59847623049502,0.310206238476167,-0.809267884128368,-0.798096717776893,0.100442144528432
-0.651494068314482,-0.245677912929184,0.0699775625556173,-1.69238492819387,-0.064823956052726,-1.66279949186808,-0.920910308672143,-1.89530837958558,-0.477391383642803,-2.11692575800998,-0.445455860382643,-1.35878297302496,-0.12866965972177,-0.891694534249493,-1.67492963953946,1.19795412244437,2.10711142767185,-2.2941130884738,1.05687292355618,-1.57807564036172,0.865820747875069,0.322551064484699,0.959575091987956,1.56158743671458,0.0403296343895652,-1.66731324178229,-1.81200006494536,-1.98200580330716,-0.642379590866511,-1.37314659216936,-2.87557346406413,0.522581666531751,-2.58456709383972,-1.26317935174882,-2.08721304628375,0.456031483626702,0.123591527582708,-1.58232659139392,-1.07429236601476,-0.83401441742303
-0.220813564636595,1.86774247807727,0.870063438522676,-0.241055516284607,1.94838286351614,-0.0976019263896996,-0.190645276610596,1.76738834623092,0.272227683602545,1.21161297609427,0.253484691292588,-0.309126798573791,1.36089308633108,-0.729650238508651,-1.6976681780134,-1.22192325170645,1.01795950449613,-0.112008159496887,-1.56532757540115,-1.11393753725974,0.448468644983167,-1.08225985006191,-0.2630566047315,2.25795282469389,0.0827683920188863,-0.18586345031829,0.335517616951468,-0.587841894001929,-0.774470539415289,-0.413627756020555,-0.572217027266777,1.30408216204837,0.579307544735367,0.704158214342578,0.0630322309483425,2.39127901784775,-0.0920973283724659,0.255800851905593,-0.310829965077185,-1.24987698320269
1.18844569517004,-0.811104631653075,0.515458211259387,1.50026765410761,-0.735150726050545,0.311890488132247,1.06707909099585,1.02478606244165,-0.549670525287448,-0.650897665881256,-1.88664055591827,0.258800840685664,-1.00063266343049,0.617668587645944,-1.13072604750923,-0.303697306427432,-2.22745043133594,1.22857593496858,0.314961778932781,1.26833150682384,-1.03875698008769,0.552109543088458,-0.113494458127641,-1.75537576471401,-1.31381467554289,0.502808741269846,3.60040444296122,0.315592956267909,1.64155564989052,-1.06607210331217,2.56435331370111,-0.31781980449484,1.35024155199987,0.0632838417293063,2.30883151455997,-1.99798795748237,-0.222353970270223,1.88552779218598,1.49582018702367,0.557163356054206
1.38873335880137,-0.475107765050243,-0.51109538715399,-0.604096409466812,0.128376865322462,-0.88220281100965,0.469391629665305,-0.619177982664801,-0.632932430537613,-0.675660733295739,-2.22481894909455,-3.13810562911063,-1.85446857894183,-1.92661609084168,-1.28270663976256,0.41363933717466,0.423956075947221,-0.634289545524795,0.775625433136681,-1.17457685481231,-0.0682297971634912,1.5115368575362,0.0797968898164372,-2.22846356460481,0.12428742812613,-0.556016997212183,1.51920806098266,-0.823588967041729,-1.12172349226041,-2.1735286495808,0.45364811975642,-0.0568408075697189,-0.0126439283609556,0.364202404472422,-0.319473521878911,-0.959947460308326,0.744140375488462,0.102787667271424,0.432314402373285,-0.00849319400045878
1.32396871749215,0.909001472770007,0.241404152163612,0.789613959499042,-0.369385152097808,0.813833052867219,0.308100499141552,-0.695084016030775,0.619842632851833,-0.924083293906717,0.395208139267277,0.345084311601213,-0.367338259250184,0.331054583218958,2.20844180237429,2.18280644721901,0.0428136514514866,0.50866957288479,2.44670955028285,2.074949378096,1.11980614903082,2.63535537818153,1.93737504452315,-2.13615833845033,1.01895693212788,0.545712926211258,1.65009104143403,-0.388765881937613,-0.0225382624555444,0.0284069961212765,2.29763105907214,0.859504405211588,1.3969376715901,0.423589065624827,-0.267724244543602,-1.29437297542457,0.591518140836521,0.669965732086666,2.24893759911475,1.28878340943329
-1.69456146777965,0.0135610593468335,-0.690863986654778,0.0678531836904877,-1.1230786415886,0.640726653397091,0.241027243477552,0.278323097071063,0.8501247137749,1.71022668064419,0.826218731744063,0.26140513184185,-0.105366362447891,0.667466116241903,1.67288683247869,-1.10518821169936,-1.76726165979084,1.17737480769966,-1.19360218738531,-0.633446232540728,-0.488735229990288,-2.66333551038723,-1.84218792317357,-0.365983461528519,0.1167106548045,-0.19665883285306,-1.84028971483485,1.41651705183699,-0.285627870825357,1.19755277445437,0.279877805979149,-0.844166723771932,0.539262835475286,0.346996137798165,0.650715496357247,1.09566195688622,-1.13061278452996,1.10554542007679,-0.852468580565129,-0.585245761166461
0.136378095515312,1.50169263276639,0.270369481514282,0.16219083989043,1.13042917844475,-0.0921519893040314,-1.3828437087547,1.10803860008283,-1.18935486556798,-0.36372564074072,-0.351675868179024,0.561511691329948,-0.0842157130175902,-1.77335762188078,-2.16716393869023,-1.28931627766921,-1.07362922940273,-0.330754086563359,-1.75456816159429,0.688553966793449,-0.643695253224015,0.248486143132351,0.382838964720249,-0.904204565336499,-0.955802253640637,-0.126920129136386,0.807035078401289,-2.56823224154397,-2.07603526107412,-1.38128069197251,1.06202535191792,0.363135632135047,1.46977791200167,0.245098391697735,-2.01944616383109,-1.2113904455347,-0.892522902049364,-0.505835279749313,0.78989728724858,-0.864997840752256
-0.604510318409971,0.667975852278248,-0.326697689251121,0.323660341834965,0.318653800963473,-0.10965767814719,-1.19107378229876,1.09982082230389,0.804233674114738,-1.89549589689315,2.47182089205832,2.4151100333592,1.39053853981825,1.34736138364427,2.85496056819907,0.183111049445957,-0.0726769114761923,-0.163337387731573,-0.0619641450581141,1.53162026662852,1.71811993273391,0.522254151611249,1.96385650343585,0.55054531338543,0.430005092824052,0.348224573038423,1.32118405662208,-2.09523666339844,-0.99057131653847,0.705249408978789,1.02873848948159,2.90029682342006,0.29362486378054,-0.502940940173482,0.261555341706975,0.41687163710736,-1.35052049895246,-1.13271776267877,0.563181865026174,-1.36853296479015
-1.12422586931935,-0.0622110579462352,-0.734336650001762,-1.14040117034098,0.285192025098793,-1.3427569068229,-1.11370297191319,-0.334080310649154,0.308999141004703,-0.874188802897203,1.32845826153065,0.546053979781792,1.77952839798697,0.263629745635698,0.133846147796365,-0.234681788920178,0.77123248569565,-0.850280242858848,-0.708738887342811,-1.14044000260962,1.29468318932457,-0.629807697482789,1.14985462407606,2.16217059157362,-0.0766436763980612,-0.570204835418979,-1.62389253778622,-2.33008635928159,-1.78142191555694,0.0655916646228394,-2.17470898220745,2.08002700704081,-1.96159579042734,-1.39395262579607,-1.55164556357061,1.31689790213941,-1.28204135214852,-2.24242650266831,-1.17356713289547,-2.89193009141989
-0.169071375188539,-0.110994857608955,-0.499922045154395,0.514265077858736,-1.56940326906362,0.253668641164927,1.12519195538949,0.0502363057830795,0.72973650780532,1.59759633645095,0.393665901458819,0.899409132797659,1.29727335221727,1.42672090134902,0.0853367041523874,-0.367033281090502,-2.91566977782502,2.51093507105174,0.0189806529747874,0.0905635932493078,0.283756265197462,-1.32914781915955,0.601645905689228,-0.00824738950039448,-0.532138491817985,0.0122043467453407,-0.726745760997722,-0.009737008834331,-0.29721197285087,0.753191293435666,0.369645398859256,0.836660954483381,-0.150514916233311,-0.49425899625849,0.0411543606736765,0.0641701534059629,-1.63686710289226,0.896836953729285,0.227235086058407,-2.70626894606047
0.59148118028569,-0.58566062456661,0.214780289864256,0.834889053513439,-0.0509883205989937,0.282912787887541,1.34500715105534,0.353696497094977,0.238123403532325,2.1322820448091,-0.797599006923666,0.357465434417608,0.919103906939618,0.584383871125216,-1.1711957707808,-0.359907430797161,-1.00638480709091,1.83411411426679,-0.486366231618084,-0.501095967949142,-0.578381363812728,-0.575957934499399,-0.581334366512831,0.477830416468611,-0.637016247684501,0.953353374800751,-0.259703167170023,0.946671766298814,0.589990034364085,0.363260485735871,0.204502064398311,-0.474468058163743,0.23107485686482,-0.126891122284791,0.460840225342127,0.00303722673855911,0.103140219387791,0.901367144191579,0.279487590379748,-0.386635998786344
-2.11671490870429,-2.46207854993236,-2.19164912915331,-1.12944687995065,-2.73637597642414,-1.5914277345231,-1.9716403488008,-1.42615037193984,-1.21598053752783,-3.94155634121114,-0.73287828432066,-0.475583774468605,-2.02731653266253,0.12931468483408,1.05017686300897,-1.29322828518233,-2.4923353214047,-1.92207571111905,-0.915985004143298,0.0837462833240694,-1.23727957276581,-1.09360895413696,-0.84015225212098,-2.33499829429945,-1.83825500134423,-1.56536652236442,0.363613863355584,-1.75019488933545,-0.784967962938612,-1.12866462893649,-0.377214504490155,-0.630664098091267,-1.60977250927619,-2.16873363790155,0.225340538728359,-2.27730989060841,-2.6456475014432,-1.7665737499415,-1.34443125838052,-1.75755507591059
0.0772714919746055,2.38492010234405,1.49133706155222,0.591366488839979,1.90058035445915,0.461501253069899,-1.69056240753913,0.135633588009627,-0.0870210171792441,-1.58651081425427,-1.61438508243161,-0.0473545552398827,1.93202427894721,0.0379441529538274,-0.395518531730361,-0.482560186765462,1.94115111750718,-2.12924160505535,-0.983672409762998,1.96921522795357,-1.04437422959927,1.81054975646015,-0.655223106464473,1.30541286429757,-1.72368810637951,1.20319880960424,4.58975043136252,0.14021002118729,1.58919211971191,-0.791464872385629,1.12570821936421,0.361072802154663,2.38823096578884,-1.20855377031559,1.72954268202614,0.61381560820238,0.173841138880007,-0.346749831178488,2.18709846917091,1.23825755963288
0.52871722578109,3.22956940325149,1.75380116304001,0.237234044327502,1.7354099074585,1.72733334546534,-1.06921385324003,1.89127487317165,-0.392470766643914,-0.36641027340993,2.58616955951967,1.93431448300644,0.155032587669953,-0.323294228656892,0.238018607703684,-0.0124218572850071,1.26267199538832,-0.828951130831418,0.458234036653326,2.86594736997484,0.713501967981655,0.912588577543877,1.63120206147972,1.01315265066157,1.47365789091586,-0.350911780946564,1.01324326187802,0.402314341801314,0.807446837165145,1.13411264060547,0.709724571555577,0.609941618123513,1.61896934982546,2.29889184481638,-0.184217610376799,0.60200936302302,0.952053136996507,0.222678726897617,0.540128624657425,1.81344152935948
-1.24450018274332,0.26680596055625,-1.30984484964236,-1.30389393261738,0.698019912360117,-0.222761404349527,-1.87442989300712,0.364345178750167,-0.71061190933635,0.159565065577798,1.30630059999809,-0.280686034955934,-0.390659692050897,-1.44001015634412,0.742526265837522,-2.02038585555347,0.273723295469962,-1.44709820671903,-2.37708942710169,-0.534883479195659,-0.606365902244483,-1.04765861403571,-1.07464494849126,-0.254997588773241,0.254918349268717,-0.428875326173724,-1.71869893279582,-0.407610354776978,-2.16675060337793,0.575342654101054,-1.2277783501611,-0.54650557576458,-0.261599575515357,0.405293006895417,-1.38578345713053,0.477704372245933,-0.647546868012368,-2.18793375260658,-1.78732118488293,-0.737563012638203
-0.960394225385828,-0.564019281821453,1.01404113368884,-0.385494484805142,-0.101273059934862,-1.24793682178539,0.240755394855382,0.226893556251423,0.310276064931059,-2.49197881857221,0.211198458890837,-0.331850814276744,-2.10999408680707,-0.378136766726633,-0.616468632216187,2.00611737426355,1.5781097520516,-1.10452919770425,1.77012308746186,-1.89324692437664,1.77179425322505,-0.842257380073848,0.625980801595376,0.706767964415369,1.21762851393567,-1.92119637424231,-1.19473932739569,-2.08182129057208,-0.00404717020787851,-1.85085390303223,-0.42146656117278,0.923313824249852,-1.36624733432292,0.429838567891574,-0.328881749226045,0.70015416976704,0.521674231478913,1.40633945007877,-0.677993990039517,1.09401944901692
-0.672917478834831,1.45663745328933,1.28912267649133,0.74413382534688,-1.069893966769,0.811973333954493,1.07248916629215,-0.356684061771965,0.487893009507488,1.89175087194882,-1.95248752877658,-0.509171232610376,0.973477530668121,0.706398503307523,-2.27631702378943,-0.493939841450364,-2.0294467842253,1.50913676485753,-0.261275796705757,-0.1250681306367,-1.27069656851913,-1.9698337601857,-1.52989386507962,0.792652907228561,-1.58585767291533,-0.359346200305761,0.213941958086056,1.51855831723998,1.70064037996492,-0.377192555738925,0.490784498391045,-1.09181771948186,1.28299620016091,-0.455306949870879,0.992005889432895,0.837498404105787,-0.873919610779482,2.87939630159279,0.985012865250026,-0.675574482235822
0.29306380399855,1.69414267282891,1.98864733663144,1.50644049567951,-1.14569342528901,1.77277255258044,1.48995191751917,-1.32392769064619,1.98219276103804,0.737232595282274,1.47423967126596,2.54157541856315,1.9975705318532,2.89333893958495,1.90970566158609,3.49991127519678,0.245094857700415,1.92924746696937,3.67662329052301,2.31360419211714,1.67004186533526,0.904513847376749,2.06949233454098,1.52133859090421,1.05474372636368,0.5918754702002,-0.855480049400006,1.51292739009967,2.79034201937338,1.90673967344944,0.924543459127552,0.611250088548664,0.68678082040018,-0.178141431232565,0.181055265364736,0.630910313232544,0.692750101649271,2.3943063719589,2.24478851880206,1.62531947007606
-0.971442401374255,0.129883481682705,-0.383165681260321,-0.60556664845068,0.067138815706227,-0.27703822863442,-1.58183882222253,-1.09520501748869,-0.667259222329904,-1.40558273287042,-0.0866007410807803,-0.566752523413651,-2.13558738030325,-1.93723713311953,0.58199989973313,0.57661431192422,0.727591029253852,-1.74808986476199,-0.195484516792792,-0.269197309869892,-0.411386094720889,0.334342926148972,-0.764145746874008,-2.06167344385077,0.415364678181048,-0.634730332683031,-1.73595789996294,-1.40526353305571,-1.75089214511257,-0.994236926189694,0.283272475561936,-1.40797505797544,0.45939574890292,0.168072426616208,-2.42215746881618,-1.24649313015392,0.252313282984407,-0.617252859223819,-0.0793897632405754,1.87056112506791
1.52204446938934,-0.135100871837823,-0.874555430499581,-0.505664370863481,0.965098781246797,-0.011033792486543,0.640593734007313,1.02562988632932,-0.154538356461349,1.58248535286774,1.65905039573368,-0.228303356931664,-0.288969344109135,-1.08010641968458,0.235632622652138,-0.12065483943953,0.334015174242852,0.95920133516691,0.14504639937168,-0.58758034706073,1.25573308315235,0.791196798428014,1.5772785875588,-0.616922899806071,1.84953110854277,0.115511660248625,-1.28557575722867,-0.550817863481339,-2.1632327909776,0.645082382721966,-0.42736724738972,1.05753898850585,-0.64156673376695,1.74116904034633,-1.56435001690744,0.0582098712102634,0.787965425370319,-1.09711010105664,-0.819701269348674,-0.935096005819824
-0.878021490291086,-0.349956382288405,-0.0243811183248139,-0.679093132279421,0.138697981341052,-1.0911967919207,-0.688904621187697,0.564096423879101,-0.0872448191497377,-1.4853136698262,1.17223328665124,0.984310467662245,0.824925456105979,0.58486291174723,-0.572249207319629,-0.291784583308927,0.4286482469115,-0.777960707932081,-0.309264446907315,-0.618256961012446,1.04418331059311,-0.880876458225526,1.1159520817415,2.1697550214717,-0.117721564042956,-0.910118302750388,-0.575022778595213,-1.78365643417618,-0.359749546425447,-0.150090169286753,-1.62160348715154,1.72802521535571,-1.82407255787093,-0.746943182447678,-0.25473241505315,0.894441773029192,-0.937735055161134,-1.18951683988483,-1.21594821392444,-1.8994281397039
-0.0411169301260773,0.437903032109338,0.0178122341209611,0.232158370917388,0.649695174150125,0.403415409382554,-0.0805069619369701,0.299777605622138,0.0883310892736607,1.28818885348062,0.169723462996747,0.268641589953113,0.369662347130582,-0.427199063874413,0.0121333239303545,-0.421423987549774,0.0714359548308175,0.399084442611726,-0.889995110901394,-0.147355121048666,-0.355519022989361,-0.230492946510961,-0.636501978102299,-0.0266315660389176,0.0700728755875047,0.625583573135018,-0.728716867810347,0.278884595764804,-0.590300458089884,0.38602351196864,0.224329716554577,-0.481586514972709,0.754604042498384,0.342937865102707,-0.608260887062956,0.222509147352109,0.198364768861301,-0.00820237143854335,0.107159659761873,0.358736635630246
0.272961005233003,-1.8186526442963,0.435452000061677,0.0295675656090841,-1.0250288755104,-0.589722924855902,0.784966814398902,-0.882089967291048,-0.49282085623948,-0.818746562430784,-1.35633456995587,0.123033739131647,0.732201238912233,1.61978244508764,-1.820987099495,0.125279644474528,-0.00287689609682731,-0.213308409948822,0.767164581204234,0.0133723005943379,-0.759498596180993,-0.0753681326014352,-0.0100827673070461,1.93400608716539,-1.44135662412727,-0.0712388122353439,0.788837965011959,1.26814969447519,2.98680098156178,0.0843290103263489,-1.70665249572027,-0.606803133207337,-2.01100846644906,-1.56867754746241,1.7985365953416,-0.37626239883351,0.133906206134483,-0.190812093432299,-0.588954434871479,-0.270109104950531
1.47629759417226,-0.40956727407292,-1.65515051770451,-1.34369674925733,0.628631444490729,0.275851571236064,-0.353473635660533,-0.0863137405915759,-0.569836569198808,0.404419618899955,2.37198470840074,-0.803996199005098,-1.25672075650292,-1.33774904131618,2.27209009086931,0.0872800105984127,1.40673792563859,-0.683923258455338,0.757041887756504,0.451031329351483,0.988705464113018,1.93801745514436,1.53664634441633,-1.63726885588027,2.55720531559283,-0.063291600323627,-1.33953040317015,0.582287247145252,-1.83202889209006,1.49993966944776,-1.00483393437625,0.104925926411729,-1.06861747260934,1.916544493795,-1.51726109770238,-0.511989462717987,1.41198845301183,-2.57291404443141,-1.39780900314317,0.416810926398581
0.205958741068811,0.24529223876924,-1.18380246499246,-0.102318173079828,-1.03684316273702,0.950880361023488,0.595384162659077,0.89045262639579,-0.829665826029903,2.72963196096437,-1.64766277530338,-2.08139543214376,-0.832545111033489,-0.798674485701664,-1.13748945950327,-3.5193966205924,-3.65208667155633,1.42800422876002,-2.41438453707705,0.0795247882762779,-2.63874495804855,-1.85665223479818,-2.5460576110215,-2.31028128486035,-1.33684831736205,-0.153205733244766,1.42299142680676,2.65868418966611,-0.08598096664542,0.245191874752394,0.924522924135906,-1.96778194925292,1.55367142395359,1.02188270194699,1.77479193279523,-0.3816495641886,-1.18530143137932,1.03542983636648,-0.546924861630803,-1.6740019345016
0.875223469422967,0.878253476507399,0.0985299684165224,0.150582053382456,1.70198945697871,0.165381048586008,0.191747269364095,1.27580864702404,0.328962175430076,0.828528873187464,0.207523953868638,-0.783234911504972,-0.309379233932955,-1.20975458209662,0.428402809711286,-0.0424817880911796,1.19288226222147,0.120510335566258,-0.388313381160359,-0.562265042181878,0.677048480176892,0.776629936402523,0.0484963619171654,-0.602822235870711,1.11188619754491,0.552960360194624,0.866169466206609,-0.399806359022261,-1.36656447859624,-0.430626801192187,1.06573986006724,0.80969899803008,1.24895643800752,1.37946435325529,-0.0894536090262539,0.748895916051888,0.909972751786328,0.240749317208375,0.480939087156198,0.580637415158404
0.565805303866164,0.663909731905332,-1.11053660644397,-1.25330493248725,1.56180928636469,-0.775460510117774,-0.85612178619644,-0.475155167851375,-0.204097268333561,0.776744610821615,1.17690810788511,-1.09836818764475,-0.535744607759952,-2.85270673863301,0.142821506675743,0.665443863900911,1.62860359449866,-0.554917073341974,-0.25623616918451,-1.6413447762102,1.43478054895007,1.24599570481169,1.27240096431948,-1.24236057700136,1.8436938807944,-0.207700353820285,-3.10781062858127,-2.84784421067379,-4.58814129495333,-0.65730845859803,-0.826094878175023,0.891394977066048,-0.420848655003816,0.936780565796155,-4.60685046237314,-0.0630933153841588,0.647473107152697,-2.10728318545445,-0.455873119840888,-0.694944127553217
-0.348036688971712,-0.178660504602231,-2.28384757091674,-0.918934089754363,-1.90379809999444,0.0483991436747687,-0.524280266574343,-3.28146259795468,0.60148048296759,0.763610501790564,0.121435020867097,-1.3147491292017,0.306070927857916,-0.316730850718512,2.91950823214273,0.784217616381285,-1.1549948346291,0.340811384691671,0.653655672104099,0.142275649483931,-0.0106538520579715,0.962995312842758,0.172031882924412,-2.76063465785815,0.23122408537676,0.234604383815439,-2.35886175088549,-0.0767027987253653,-2.42425614832363,0.837232759730471,-0.241759823261533,-0.595681745863647,-0.228413639304336,-1.23586716385218,-2.60997908419469,-1.03734040953128,-0.966632264897621,-1.61442951263326,0.401298914951283,-1.40853928999952
-0.555452887646712,0.796713783660689,0.0633403443691504,0.0822207694303483,0.591790036794324,0.196471299345391,-1.47064126168544,-1.25464912447623,1.14773077207368,-1.46956053852961,1.95275881666656,2.177354350177,2.86374379878626,1.7851758023023,3.35147376704281,1.49358789249702,2.27053845140692,-1.18888924001171,0.749603801806978,1.82730930907809,1.28221894800021,1.86453237417081,1.53453051918628,1.93552601589051,0.260901302382476,1.33180441913734,0.188521064871679,-0.498558281679426,0.379298506471672,1.67342195461313,-0.512053384877356,1.60766482572175,-0.193091669360583,-1.76610001448461,-0.368835876980333,0.800125677078291,-0.0906184424502152,-2.19499893686065,0.94863057874919,0.29015086108202
-1.11276535819403,0.861805470713733,-1.07713668809396,-1.27643268368792,0.815780623234256,-0.110453767744254,-2.82471123430985,0.864029158877133,-1.31054094032153,-1.24394545899768,0.856462644271086,0.191748148031681,1.09774571667969,-0.40447461110788,0.243035136332175,-3.51627502611889,-0.124928875157811,-2.43466616340403,-3.19129826094427,1.36822786739764,-1.48542604871095,-0.514257731621686,-0.8110827367588,0.928488710476855,-1.38559201629584,-0.203437796513566,1.79509398197202,0.101528702684758,-0.472362225617393,0.780839262723741,-1.32175649824941,0.121775288292056,-0.0364965341181841,-0.640878612096315,0.783340256306027,0.46627532514678,-1.56030558435705,-3.1665530204764,-1.44273258026396,-1.887944574025
2.08867670066192,3.21861902278499,0.869446315424038,0.753727866414666,-0.165810288750249,2.10282339069638,2.27487131045284,-1.1583420116775,1.62001594129995,4.3815162073612,0.4174155310702,-0.791714935298832,1.24850423414665,-0.35094198942988,0.390054395070292,2.3718969137757,-0.630892666727361,3.30467430939044,2.70712732740545,0.806687371551086,1.38466318201939,1.48651598939569,1.79157778256979,-1.28359405463826,1.98256715100178,0.579562105133995,-1.70624280067455,1.34466017765623,-0.931816564007384,1.05287341846491,1.48047019233909,0.284723080951949,2.11537574749076,1.83152560622666,-2.38400365192063,0.611683367314898,1.17475636567365,2.47654106940626,2.52914927353549,0.0485746190805091
1.1928666172887,1.68011081830105,0.786219589707021,0.35398977045959,0.580178270515981,1.09745186109478,0.405940901860147,-0.283992331151459,0.407546493268875,0.920348348078801,0.713562301057181,0.249379381762081,0.481786702504969,-0.159788594225739,0.516068502903671,1.33488702470326,0.832514371079977,0.518498713556497,1.49265562712564,1.28714030616789,0.754144644644413,1.6096017725768,1.31443651880443,-0.221343646383048,1.15428088714686,0.424595795032341,0.00321433624613859,0.570329705394666,0.152381146990182,0.658353707652895,0.661740756234656,0.226704451144325,1.01237792306416,1.00084530065281,-0.881984434938938,0.0433540860859605,1.11477624016244,0.488390473607861,1.2523046033661,1.12376475816153
0.163050194018316,0.401152630975467,-0.337757585803542,0.403461766732283,0.395949967864568,0.316715688678044,-0.200444482651114,0.00973846757882384,-0.452711743871364,1.50336172132134,-2.04071163767666,-1.14955064822297,0.0968423906544388,-1.11925206235583,-1.0904844856171,-1.57841867735428,-1.15171600165987,0.380044072166765,-2.00146769973695,-0.176066274019327,-1.92735460386818,-0.156026149085864,-2.0003288563564,-1.43715493223594,-1.45360497528315,0.939997511122764,1.07485209927877,0.537788822128258,-0.692808264016,-0.673631874725113,1.11851371887774,-1.40338748177455,1.84384077638546,-0.247210714187248,0.0243055813936808,-0.6261800256811,-0.352466209774927,0.295507414248114,0.810816674593048,-0.0628913056397452
-0.44995324015984,0.451427576894439,-0.0266947198786424,0.330586841292465,0.995735094904338,-0.220395324711021,-0.922233000246523,1.99463808876704,-0.075874599832143,-0.881465260170232,1.33020352369832,1.55806545553582,0.153412100547051,-0.123361078512881,0.480205049153744,-0.911348102889524,-0.352917310838719,-0.0893753706959205,-1.32179715895285,0.361489022118578,0.619379680990184,-0.417917870558545,0.57505239416349,0.157764210317712,0.0887963743589635,0.0943881871662922,0.882209028841495,-1.95028144965068,-1.3254351326717,-0.236819912607796,1.00614764082652,1.57700311347159,0.677353386456987,0.400585088376056,-0.0372898013396013,0.146118838683317,-0.870179494978095,-0.429573282198944,-0.017352599353218,-0.755691937914422
-0.858777654111758,0.195693285373999,0.618431607084665,-0.322800776875834,-0.252979470433678,-0.288218387382282,-0.568243136301449,-2.02257918945908,0.0113253658710008,-1.31354988749612,-3.25161985061338,-2.66262299656226,-0.433887691527314,-0.346770689805023,-0.534821167157142,0.2876338149375,1.58371526214457,-2.2231228427459,0.0559180439077335,-0.559090614934961,-1.69012300848525,0.26357283218431,-2.60818037961212,0.0303077101220987,-1.52493435438197,-0.108185148881408,1.85358280235943,1.56051055816556,2.019496924999,-1.42599368717129,-0.213603969441158,-1.92230184508771,0.662395039883914,-1.51370275751833,1.74357349945513,0.468889628129699,0.514734256217446,0.72399015043115,0.724439710470118,1.89722799707207
1.92098943099835,3.31389689000104,1.80657879765193,-0.311030913663014,2.18065941721236,0.555929373934435,-0.223301020447225,0.930127892737744,-0.641662194382806,0.0939972190947054,-0.523437595366788,-1.13556146673003,1.02294706921188,-1.37680101583832,-2.91625194246654,-0.0328915030736866,1.77912721799718,-0.938072561304601,0.641698581422612,1.18380267482836,0.480107475790892,1.98007809126217,1.76422281661502,1.39793500745408,0.279686512876787,-0.450617710693519,2.76444444422482,-0.300919975335224,0.392954025868833,-0.955497528585451,-0.135012384524196,1.29055382360817,1.09716101110619,1.24261956013863,-0.273725149407507,0.930482688247509,1.13839474531829,0.119836571875773,1.22474789281347,-0.163803946400496
-0.117478536527606,-2.33205525875736,-1.45650294530339,-0.425145747677085,-0.901571047749794,-0.397580272081347,-0.524671858951171,-0.132551514534537,-1.02105625437351,-1.19846471869677,0.422607901898538,0.209210329204565,-1.71369808465246,-0.0474011241411095,1.11643612342811,-0.789218505750482,-0.730586127474594,-0.667062946868972,-0.431951584589959,0.301168816485529,-0.79353061286705,0.0665309068352626,-0.409650616163074,-1.60282109381002,-0.0532664959075263,-0.0818380797596768,-0.275761325165592,0.344487082074641,-0.0501276808551526,0.473134122729569,-0.328573585573637,-1.11099455930321,-1.14014165793963,-0.0495875449669508,0.354703130687868,-1.756045423403,-0.122735280182322,-1.48809537431078,-1.36450259025025,0.463392342996763
1.4611596728117,-1.64779384734744,-0.627082881727281,-0.627337597727528,0.642103030096637,-0.935574404414125,0.187079100108475,-1.07643627756546,-0.343716593043875,-0.899986010303609,-0.802501267219248,-1.29676445105304,0.23487946726586,-0.144583624733774,0.119854402218482,0.790356026399622,2.32159775215821,-1.19781031612195,0.914502463980813,-0.484652247372909,0.284511210300065,2.34750002461355,0.720897255482464,0.359555818294509,0.18867777508527,0.731158779806352,1.00360825613768,0.256116557090082,0.421028591691952,-0.161845636824736,-1.3642118085349,0.258136664976162,-1.62668710447706,-0.786576291759535,0.343761164567536,-0.392646184603586,1.39584139508118,-2.04383960828562,-0.305553849459425,0.406109907550243
0.210479799498636,-1.14382276355654,-1.10712494554712,-0.251396724187867,-0.598546521372257,-0.231241120010297,-0.168120283768359,0.645301707648097,-0.290350009042048,-1.01542212626424,0.860061018953927,0.255247514710801,-0.521872734998702,0.590238359793032,1.42048706672074,-0.794392637679122,-0.84393656142592,-0.0790150412055578,-0.109827727180248,0.638994438232096,0.177028071755505,0.171891616239213,0.57393452039591,-0.795198502159394,0.164034887047139,-0.118169397546525,1.20275403867466,0.0777043004987596,-0.0467822133184747,0.53442299313452,0.159723036010454,0.687076485805043,-0.682118266016534,0.120681436411843,1.24071628082515,-0.57144611948288,-0.57984257053278,-0.977726863708268,-0.741724608921246,-0.916017897719525
1.47289560779955,0.572247420736585,0.548160986220317,-0.0807183552349725,0.781821873824987,-0.162148936670176,0.485388471202006,0.422090143158203,-0.157653525270217,-0.815358492442669,-0.562809406340757,-1.29790307049353,-0.882744723372377,-0.855636793321372,-0.624857841666429,0.914595602102055,1.15926088565666,-0.434624404683035,1.38147760964534,0.0665782588456076,0.861756344507045,1.66560492173467,1.19841774914688,-0.610832137184004,0.838014517415975,-0.354716277683246,1.92118127525289,-0.529244679837884,-0.0175667699778214,-1.14660649526161,0.655857055868766,0.936954516570314,0.282593750435568,0.95999000743741,0.323181675209871,-0.102250858536928,1.08542492499305,0.470103057405625,0.729541766418637,0.593579292783191
-1.92754854925605,2.52039886725456,0.186806266160937,-0.766549863854263,0.456079451937857,0.604183600125224,-1.72149068054679,0.351974620915126,0.130719238568957,0.445997536926104,2.64241585227653,1.18666673119833,-0.264510316196739,-1.2853309787599,0.690565360327776,-0.270818797720999,-0.0424173373609464,-0.560822512635065,-0.919240839561975,0.0587902592195582,0.733236722778356,-1.68376085348839,0.158076343744038,0.167166808676621,1.27780652677925,-1.30635313774802,-3.66092361160915,-1.53264067624379,-2.50525893177898,0.569359525069539,-0.399386591860817,0.0790892408779561,0.689682836394036,1.19806421755151,-3.25687714452548,1.02388535469579,-0.823390782374458,-0.189914560820937,-0.714819242626874,-0.194929726110189
0.553932151700181,1.89069065995595,0.672357840031944,0.473293023792239,3.26740109916117,0.310065857913515,-0.564389640182118,1.49449554899662,0.096850696857414,2.11963990666464,-0.677946557023478,-0.544262605015796,0.953331751241789,-2.14460915594663,-1.09811386674158,-0.963454428851918,1.87888248896287,-0.162229291167805,-2.41691162899027,-0.968674398826519,-0.425327248413379,0.5482565022283,-1.30528726107778,0.329246285543358,0.0727406558773494,1.58369264751467,0.527963556831568,-0.701975877110407,-2.00430287396362,-0.745960804158134,1.00133675024093,0.049815392593569,2.4797282832613,0.919879841518611,-1.14617522080209,1.16152827902898,1.02355457171415,-0.109769241600536,0.993286775015075,0.970089051289279
0.143358772517642,0.258018771980307,0.817775309133405,0.126422000035613,-0.311014910501468,0.312633661422529,0.118654630133452,0.711415950055945,-0.985053899032226,-0.246010693814161,0.339243063570684,0.855885370777074,-1.18553114514542,-0.405160938400825,-2.00312856985242,-0.125740394683161,-0.997222977797196,0.223867651304733,0.355712987892975,0.597033170755824,-0.267423752922506,-0.617312005526931,0.571712021214379,-0.0693099906210482,0.0613758700459952,-1.04231686787201,-0.704688624411081,-0.302747600780194,0.540709425144305,-0.288809505483007,-0.0524930994759138,-0.660575210210009,-0.199341718620137,0.98137905544183,-0.699826986175208,-0.97536557952055,0.0854051990151466,0.82374620601638,-0.376841292492393,0.480540189313108
-0.760689117773337,1.32324407739999,0.980770734364633,1.21136245385656,-0.702269495317168,1.22730323763006,0.33139442562621,0.629033724286073,0.625343990519458,1.0882215672512,0.140774339747201,1.73157330899523,1.33247103704334,1.54556342465764,-0.0140717131650431,-0.556654789983708,-2.01598772652113,1.51679003708744,-0.486236889569757,1.41416448152614,-0.653873435589757,-1.41108621348561,-0.570519847206017,0.706889218590918,-0.999798070849927,0.371971413438775,0.624626787510633,1.07204316756583,1.48342137617971,0.847858159325479,1.29187958886052,-0.215535822469531,1.59700601113981,-0.202565627179301,1.20457364861011,0.414693639748037,-1.10008175554885,1.89499344714242,1.04544023633179,-0.268297653201724
-0.677376862820258,-0.315341803781562,-0.0969460521903275,0.331325358694541,-0.998746940058633,0.120148841322136,-0.119949792397718,0.255144797522115,0.798449330610019,-0.91540828205489,1.94880296297505,2.61847374262183,2.38026846989869,2.98558059492741,1.80304544323581,-0.0469685239228362,-0.833178800091977,0.58948268349784,0.413502946351163,1.57658368741015,0.917093895733496,-0.469323024323273,1.50916982305436,2.23353200777969,-0.437833824953902,0.268742344395604,0.663235154880861,0.20146060494817,1.53478386486893,1.8247658787081,-0.59014623889446,1.84477935864185,-1.13031841027144,-1.32618737003809,1.61140215584003,0.718100953202387,-1.41679310891438,-0.76833808485822,-0.214430534315267,-1.89815603559974
1.13620714798015,-1.35905394805502,-0.273952498102788,1.03907128791419,-1.63540188500227,0.383622738394561,1.83533001221638,-1.36245488385823,0.454175113200984,0.833647533722007,-2.20783603874302,-1.08043420139699,-0.574432543629155,0.827563640129148,0.437541920880323,1.08396018252105,-1.50167305325118,1.70057946349637,1.46498245898842,0.229011900140568,-0.794441054171256,0.91367852068758,-0.610897107062738,-2.17404037995794,-0.645931185284325,0.92045396441778,1.24661753625695,1.65461273916263,1.36229450276798,-0.247073746972968,1.60928923011333,-1.20344062486015,0.662821024160201,-0.564753699545272,1.35554902225844,-1.50605495520904,0.387134908629186,1.69939295292372,1.47540057067895,0.824025792949301
